64.1
13
381

64.2
60
111111111111111111110       
000000000000000000001       
111111111111111111110       
000000000000000000000       
111111111111111111110       
000000000000000000000       
111111111111111111110       
000000000000000000000       
111111111111111111110       
000000000000000000000       
111111111111111111111       
000000000000000000000       
111111111111111111110       
000000000000000000001       
111111111111111111110       
000000000000000000000       
111111111111111111110       
000000000000000000000       
111111111111111111110       
000000000000000000000       
10100000011000000000 

64.3
171
14
15
7

64.4
14 - 1 15
19 - 4 20
26 - 21 13
29 - 2 8
33 - 15 21
115 - 21 14
116 - 21 13
129 - 21 14
131 - 10 7
143 - 7 15
154 - 7 7
161 - 21 17
162 - 21 16
187 - 21 18