0 100 30
1 100.5 30.0
2 101.0 30.01
3 101.5 30.03
4 102.01 30.05
5 102.52 30.08
6 103.03 30.12
7 103.54 30.17
8 104.05 30.22
9 104.56 30.28
10 105.07 30.35
11 105.58 30.43
12 106.09 30.51
13 106.59 30.6
14 107.09 30.7
15 107.59 30.81
16 108.08 30.93
17 108.57 31.05
18 109.06 31.18
19 109.54 31.32
20 110.02 31.47
21 110.49 31.63
22 110.95 31.8
23 111.4 31.97
24 111.85 32.15
25 112.29 32.34
26 112.72 32.54
27 113.14 32.75
28 113.55 32.97
29 113.95 33.19
30 114.34 33.42
31 114.72 33.66
32 115.08 33.91
33 115.43 34.17
34 115.77 34.43
35 116.09 34.7
36 116.4 34.98
37 116.69 35.27
38 116.97 35.56
39 117.23 35.86
40 117.47 36.17
41 117.69 36.49
42 117.9 36.81
43 118.09 37.14
44 118.26 37.48
45 118.41 37.82
46 118.54 38.17
47 118.65 38.52
48 118.74 38.88
49 118.81 39.24
50 118.86 39.61
51 118.88 39.98
52 118.88 40.36
53 118.86 40.74
54 118.82 41.12
55 118.75 41.51
56 118.66 41.9
57 118.55 42.29
58 118.41 42.68
59 118.25 43.07
60 118.07 43.46
61 117.87 43.85
62 117.64 44.24
63 117.39 44.63
64 117.12 45.02
65 116.83 45.41
66 116.51 45.79
67 116.17 46.17
68 115.81 46.54
69 115.43 46.91
70 115.03 47.27
71 114.61 47.63
72 114.17 47.98
73 113.71 48.32
74 113.24 48.65
75 112.75 48.97
76 112.24 49.28
77 111.72 49.58
78 111.18 49.87
79 110.63 50.15
80 110.07 50.42
81 109.5 50.67
82 108.92 50.91
83 108.33 51.14
84 107.73 51.35
85 107.12 51.55
86 106.5 51.73
87 105.88 51.9
88 105.25 52.05
89 104.62 52.19
90 103.98 52.31
91 103.34 52.41
92 102.7 52.5
93 102.06 52.57
94 101.42 52.62
95 100.78 52.66
96 100.14 52.68
97 99.51 52.68
98 98.88 52.67
99 98.25 52.64
100 97.63 52.59
101 97.02 52.53
102 96.41 52.45
103 95.81 52.36
104 95.22 52.25
105 94.64 52.13
106 94.07 51.99
107 93.51 51.84
108 92.96 51.67
109 92.42 51.49
110 91.89 51.29
111 91.37 51.08
112 90.86 50.86
113 90.37 50.63
114 89.89 50.39
115 89.42 50.14
116 88.97 49.87
117 88.53 49.59
118 88.11 49.31
119 87.7 49.02
120 87.3 48.72
121 86.92 48.41
122 86.55 48.09
123 86.2 47.77
124 85.87 47.44
125 85.55 47.1
126 85.25 46.76
127 84.96 46.42
128 84.69 46.07
129 84.43 45.72
130 84.19 45.36
131 83.96 45.0
132 83.75 44.64
133 83.56 44.28
134 83.38 43.92
135 83.22 43.56
136 83.07 43.19
137 82.94 42.82
138 82.82 42.45
139 82.72 42.09
140 82.63 41.73
141 82.56 41.37
142 82.5 41.01
143 82.46 40.65
144 82.43 40.29
145 82.42 39.94
146 82.42 39.59
147 82.44 39.24
148 82.47 38.9
149 82.52 38.56
150 82.58 38.22
151 82.65 37.89
152 82.74 37.56
153 82.84 37.24
154 82.95 36.92
155 83.08 36.61
156 83.22 36.3
157 83.37 36.0
158 83.54 35.7
159 83.72 35.41
160 83.91 35.12
161 84.11 34.84
162 84.33 34.56
163 84.56 34.29
164 84.8 34.03
165 85.05 33.77
166 85.31 33.52
167 85.59 33.27
168 85.88 33.03
169 86.18 32.8
170 86.49 32.57
171 86.81 32.35
172 87.14 32.14
173 87.48 31.93
174 87.83 31.73
175 88.19 31.54
176 88.56 31.35
177 88.94 31.17
178 89.33 31.0
179 89.73 30.83
180 90.14 30.67
181 90.56 30.52
182 90.99 30.38
183 91.43 30.24
184 91.88 30.11
185 92.33 29.99
186 92.79 29.87
187 93.26 29.76
188 93.74 29.66
189 94.22 29.57
190 94.71 29.48
191 95.21 29.4
192 95.71 29.33
193 96.22 29.27
194 96.74 29.21
195 97.26 29.16
196 97.79 29.12
197 98.32 29.09
198 98.86 29.07
199 99.4 29.05
200 99.94 29.04
201 100.49 29.04
202 101.04 29.05
203 101.59 29.07
204 102.15 29.09
205 102.71 29.12
206 103.27 29.16
207 103.83 29.21
208 104.39 29.27
209 104.95 29.33
210 105.51 29.4
211 106.07 29.48
212 106.63 29.57
213 107.19 29.67
214 107.74 29.78
215 108.29 29.9
216 108.84 30.02
217 109.38 30.15
218 109.92 30.29
219 110.45 30.44
220 110.98 30.6
221 111.5 30.77
222 112.01 30.95
223 112.52 31.14
224 113.02 31.33
225 113.51 31.53
226 113.99 31.74
227 114.46 31.96
228 114.92 32.19
229 115.37 32.43
230 115.81 32.68
231 116.23 32.94
232 116.64 33.21
233 117.04 33.49
234 117.42 33.78
235 117.79 34.07
236 118.14 34.37
237 118.47 34.68
238 118.79 35.0
239 119.09 35.33